0 0 1
1 0 0.9996438815028701
2 0 0.9988043355163969
3 0 0.9976017374114327
4 0 0.9962049979083576
5 0 0.994766656677116
6 0 0.9933820510114227
7 0 0.9920816118050296
8 0 0.9908312487529112
9 0 0.9895930195381746
10 0 0.9883162702047652
11 0 0.98698077769038
12 0 0.9855757563617902
13 0 0.984095813402382
14 0 0.98255096404301
15 0 0.9809261854373921
16 0 0.9792091511475528
17 0 0.9773626892589731
18 0 0.9753675397123164
19 0 0.9731955828209515
20 0 0.9708368033540238
21 0 0.9683071871607822
22 0 0.9656419801498124
23 0 0.9628995403009037
24 0 0.9601312919724843
25 0 0.9573628510434715
26 0 0.9546100107625212
27 0 0.9518610224934381
28 0 0.949096626176886
29 0 0.9462759904870715
30 0 0.9433758107521978
31 0 0.9403529444393512
32 0 0.9371885166903822
33 0 0.9338752086827429
34 0 0.930400116176678
35 0 0.9267407049027636
36 0 0.9228834928194647
37 0 0.9188413841665364
38 0 0.9146334464027217
39 0 0.910293192031266
40 0 0.9058649191886431
41 0 0.9013576801027409
42 0 0.8968225139308009
43 0 0.8922601910751967
44 0 0.8876579998967661
45 0 0.8830074659694012
46 0 0.8782814326094376
47 0 0.8734596767545721
48 0 0.8685472060202323
49 0 0.8635734882972027
50 0 0.8585510426240521
51 0 0.8534993216607102
52 0 0.8484190958095503
53 0 0.8432943792213236
54 0 0.8381045636325396
55 0 0.8328373226052235
56 0 0.8274828335091134
57 0 0.8220330071192883
58 0 0.8165240523473005
59 0 0.8109534653854361
60 0 0.8053179720236082
61 0 0.7996210390724972
62 0 0.7938692149522775
63 0 0.7880763669056712
64 0 0.782256554775994
65 0 0.7764209493976609
66 0 0.7705797586021202
67 0 0.7647483904368413
68 0 0.7589270375024172
69 0 0.7531026029584992
70 0 0.7472604491599918
71 0 0.7413903682754466
72 0 0.7354829228757888
73 0 0.7295057560613333
74 0 0.7234403781751171
75 0 0.7172860188147667
76 0 0.7110586638295315
77 0 0.7047640912372123
78 0 0.6984190572894317
79 0 0.6920489852645137
80 0 0.6856573419731391
81 0 0.6792214005452908
82 0 0.6727438573892759
83 0 0.666215082475426
84 0 0.6596456688363765
85 0 0.6530404314869613
86 0 0.6464234455013509
87 0 0.6398133931371016
88 0 0.6332191340215081
89 0 0.6266402829533837
90 0 0.6200660542995001
91 0 0.6134775732017075
92 0 0.6068565426036364
93 0 0.6001819690406103
94 0 0.5934459558883008
95 0 0.586647732744335
96 0 0.5798082930733893
97 0 0.572965386591763
98 0 0.5661494441932077
99 0 0.5593791481352796
100 0 0.5526672100571407
101 0 0.5460217191837125
102 0 0.5394484535327957
103 0 0.5329447166960832
104 0 0.526505693658741
105 0 0.5201381254415368
106 0 0.5138325746153959
107 0 0.5075857669702308
108 0 0.5013834500621329
109 0 0.4951998154115913
110 0 0.4890156029592696
111 0 0.48280904883811765
112 0 0.47656455240007306
113 0 0.4702869286599698
114 0 0.46397694802018147
115 0 0.4576546409424178
116 0 0.4513228964355793
117 0 0.4450113749910441
118 0 0.43873452165331434
119 0 0.43250042564731134
120 0 0.4263098573754086
121 0 0.4201766840803283
122 0 0.41410417997215765
123 0 0.4080935006544568
124 0 0.40214387572485233
125 0 0.396254149579784
126 0 0.39041180318068325
127 0 0.3846114437109358
128 0 0.37883766312307254
129 0 0.37305174869782737
130 0 0.36725023362451975
131 0 0.36143465870789654
132 0 0.3556119575693189
133 0 0.3498100572948245
134 0 0.3440632407900322
135 0 0.3383925015196187
136 0 0.3328105511227459
137 0 0.32736438414419466
138 0 0.3220166360688524
139 0 0.31677019590561956
140 0 0.3116059961957531
141 0 0.3065074732882237
142 0 0.3014676935616703
143 0 0.2964633523442959
144 0 0.29149444963610044
145 0 0.28656734125666494
146 0 0.2816608411407194
147 0 0.27677013427342967
148 0 0.27189483545360904
149 0 0.2670203070361619
150 0 0.26213518558607973
151 0 0.25725545695261176
152 0 0.2524053888105218
153 0 0.2476269680891633
154 0 0.2429255876051503
155 0 0.23832801884096044
156 0 0.23384909204228277
157 0 0.22949208141920444
158 0 0.22524254192722318
159 0 0.22108756932658358
160 0 0.21700982956388293
161 0 0.21300007781063973
162 0 0.20903597239802377
163 0 0.20510903889992704
164 0 0.20121465490210882
165 0 0.1973428051737142
166 0 0.1934769260637138
167 0 0.18961643977032763
168 0 0.18575768688228175
169 0 0.1818879557604141
170 0 0.17801918764151328
171 0 0.17416370896355457
172 0 0.17034520959952174
173 0 0.16659855025681364
174 0 0.16295339142680831
175 0 0.15941897793798723
176 0 0.15597682013338746
177 0 0.15265465249845342
178 0 0.14940413228425073
179 0 0.14622005927475862
180 0 0.14308856622725483
181 0 0.14000580112987213
182 0 0.13697465299151093
183 0 0.1339939662086111
184 0 0.13105507375447123
185 0 0.1281383303685682
186 0 0.12525047707166975
187 0 0.12238650624834845
188 0 0.11954949950809808
189 0 0.11673849384795185
190 0 0.11396600830647839
191 0 0.11124937693708047
192 0 0.10859611116289927
193 0 0.10602508584208446
194 0 0.10353996038590996
195 0 0.10114612761098994
196 0 0.0988287572716354
197 0 0.09657918234114496
198 0 0.09439412860943142
199 0 0.09226223264148632
200 0 0.09017502001120165
201 0 0.08813075731323713
202 0 0.08610402126926872
203 0 0.08407786302708041
204 0 0.08203437073148935
205 0 0.0799592919385866
206 0 0.07784935243828499
207 0 0.07573170891424882
208 0 0.07363852566556987
209 0 0.07160716720736074
210 0 0.06967095344227336
211 0 0.06785376684388489
212 0 0.06615021459558112
213 0 0.06453641422378494
214 0 0.06297846802406429
215 0 0.06144305609376721
216 0 0.05990552555694314
217 0 0.05835046836612294
218 1 0.056787707151568195
219 2 0.05523573157024182
220 3 0.05372054270224796
221 4 0.052261785808109716
222 4 0.050860038689607194
223 5 0.049503167509358466
224 0 0.04816979360150013
225 0 0.046840656906695796
226 0 0.0455092090047711
227 0 0.04418642812954778
228 0 0.04289350034629587
229 0 0.041657582338679666
230 0 0.040484066923313376
231 0 0.0393744949049439
232 0 0.038318851052716325
233 0 0.0373013421179748
234 0 0.0362980856271422
235 0 0.0352948291363096
236 0 0.03427963140868844
237 0 0.033247292228257896
238 0 0.032200122802138326
239 0 0.031157960991446222
240 0 0.030145844873318884
241 0 0.029192279335574178
242 0 0.028314983632801577
243 0 0.02751665417330818
244 0 0.02677649009301068
245 0 0.026072149723078867
246 0 0.02538629901010999
247 0 0.024703915107821665
248 0 0.024017486593072696
249 0 0.023307175604746603
250 0 0.022592242202179775
251 0 0.021875575394272675
252 0 0.021161027192892576
253 0 0.020453797814060305
254 0 0.01976891010405825
255 0 0.01912177211035552
256 0 0.018512961634732206
257 0 0.01794844929558259
258 0 0.01742553868459958
259 0 0.016941918594662805
260 0 0.01647794376524915
261 0 0.016008768719814673
262 0 0.015527459836998266
263 0 0.015023809285351646
264 0 0.014499743070808452
265 0 0.013963350418289968
266 0 0.013423683555684298
267 0 0.012900772944701287
268 0 0.012403863413822405
269 0 0.011940273785595479
270 0 0.011502685237472679
271 0 0.01109417937894783
272 0 0.010712059801713837
273 0 0.010353437496870241
274 0 0.010026786890525052
275 0 0.009728641171997723
276 0 0.009456496533574521
277 0 0.009204574957454529
278 0 0.008953423783707993
279 0 0.008697264994533995
280 1 0.008431090974505074
281 0 0.008151049711753951
282 0 0.00787004544603601
283 0 0.007593470993965438
284 0 0.007325370968002878
285 0 0.007068634377048789
286 0 0.006816134999148705
287 0 0.006570376642016359
288 0 0.006339063329386305
289 0 0.0061019719989553346
290 0 0.00588048131658684
291 0 0.005667465060326358
292 0 0.005470819854501808
293 0 0.005295745915134016
294 0 0.005142628443409708
295 0 0.0050172454571298045
296 0 0.004907655719505741
297 0 0.004790169357553757
298 0 0.004655541542792385
299 5 0.004487208624192329
300 11 0.004274577569118575
301 16 0.004031515620293323
302 18 0.0037938464880822604
303 18 0.0035989346875979857
304 14 0.003461225263342791
305 10 0.0033928520526986037
306 5 0.0033624211589471063
307 2 0.0033433537002040795
308 3 0.0032977073595768336
309 6 0.003202177465268335
310 8 0.0030563788160918566
311 9 0.0028851568885913423
312 11 0.0027154757658377393
313 11 0.0025625508947067963
314 11 0.002454694562423008
315 11 0.0023870917541522763
316 12 0.002339712008184755
317 13 0.0022853986408561326
318 14 0.002207973202323842
319 14 0.002110902503268432
320 15 0.001996305150216907
321 14 0.0018871006137795709
322 14 0.0017981191396454453
323 14 0.001742457568163276
324 14 0.0017133748785653259
325 15 0.0016946926210090268
326 17 0.0016642617272575294
327 18 0.0016132225700160937
328 26 0.0015458123623387258
329 29 0.0014612607018519702
330 32 0.0013797906508590371
331 32 0.0013079506295342995
332 28 0.0012530594604255856
333 23 0.001214924542939532
334 20 0.0011864196551216735
335 18 0.0011631149833246407
336 24 0.001141158515681155
337 27 0.0011047570035353765
338 32 0.001061999671808589
339 38 0.001013464322280884
340 41 0.0009707069905540965
341 42 0.0009416243009561464
342 42 0.0009294904635742202
343 42 0.0009318016706945871
344 45 0.0009389278926490517
345 47 0.0009289126617941284
346 51 0.0008955927591421724
347 53 0.0008303011579918075
348 53 0.0007409344826709543
349 51 0.0006502196031965535
350 47 0.0005770313777182684
351 45 0.0005335036436180253
352 40 0.0005136657825015427
353 39 0.0005121249777546315
354 38 0.0005119323771612676
355 38 0.0005048061552068029
356 40 0.0004915167142646933
357 42 0.00047572346560885285
358 44 0.0004626266252601071
359 46 0.00045415219915209514
360 57 0.00044683337660426665
361 60 0.00043758854812279903
362 65 0.00042333610421386986
363 68 0.0004073502549646655
364 69 0.00039232740868228066
365 66 0.00038250477842072136
366 62 0.0003773045623998958
367 60 0.0003736451511259816
368 57 0.0003657485267980614
369 57 0.0003487996745820374
370 56 0.0003328138253328331
371 57 0.00032010218617081515
372 58 0.00031278336362298666
373 60 0.00031008695531589193
374 62 0.0003097017541291641
375 64 0.00031259076302962274
376 71 0.000314131567776534
377 74 0.00031239816243625886
378 77 0.0003029607333614273
379 81 0.0002873600852989508
380 86 0.00026771482477583216
381 93 0.0002444101529787993
382 101 0.00022206848414858596
383 107 0.00020338622659228688
384 115 0.0001893263832767216
385 117 0.00018605217318953517
386 119 0.00018528177081607953
387 120 0.00018759297793644644
388 120 0.00018913378268335768
389 120 0.00018643737437626297
390 122 0.00017854075004834275
391 123 0.00016640691266641655
392 128 0.00015369527350439862
393 130 0.0001436800426494754
394 132 0.00013674642128837472
395 133 0.00013482041535473562
396 132 0.0001390576284087416
397 131 0.00014579864917647838
398 132 0.00015157666697739562
399 133 0.00015369527350439862
400 136 0.00015176926757075952
401 136 0.00014753205451675355
402 136 0.00014079103374901677
403 136 0.00013270180882773264
404 137 0.00012557558687326803
405 137 0.0001199901696657147
406 137 0.00011652335898516436
407 137 0.00011209354533779448
408 136 0.0001078563322837885
409 140 0.0001007301103293239
410 144 0.0000934112877814954
411 148 0.00008686286760712252
412 152 0.0000837812581133
413 156 0.00008686286760712252
414 160 0.00009456689134167884
415 164 0.00010400432041651034
416 175 0.00011305654830461402
417 178 0.00011594555720507264
418 183 0.00011690856017189218
419 188 0.00011305654830461402
420 193 0.00010631552753687723
421 195 0.00009745590024213746
422 197 0.00008994447710094505
423 197 0.00008724806879385034
424 197 0.00008763326998057816
425 195 0.00008975187650758114
426 191 0.00009071487947440068
427 187 0.00008840367235403379
428 185 0.00008012184683938574
429 185 0.00006798800945745954
430 186 0.00005778017800917241
431 187 0.0000504613554613439
432 186 0.000049690953087888275
433 187 0.000053350364361802525
434 189 0.00005681717504235287
435 189 0.000056624574448988966
436 189 0.00005238736139498299
437 188 0.0000454537400338823
438 186 0.00003909792045287333
439 185 0.000035631109772322984
440 179 0.000034860707398867356
441 177 0.00003620891155241471
442 173 0.000034860707398867356
443 171 0.000031779097905044825
444 171 0.000028312287224494483
445 173 0.00002561587891739977
446 177 0.00002446027535721632
447 179 0.000023112071203668963
448 183 0.0000215712664567577
449 188 0.000022919470610305058
450 195 0.000021378665863393792
451 200 0.000019067458743026895
452 202 0.000016178449842568275
453 203 0.000015408047469112644
454 203 0.000015985849249204367
455 204 0.000015408047469112644
456 204 0.000015215446875748736
457 204 0.000015985849249204367
458 204 0.000016756251622659998
459 204 0.000017526653996115633
460 203 0.000018297056369571264
461 203 0.00001868225755629908
462 203 0.000017719254589479538
463 203 0.000015793248655840458
464 205 0.000013096840348745747
465 206 0.000009630029668195402
466 207 0.000006163218987645057
467 208 0.0000030816094938225286
468 209 9.630029668195403e-7
469 210 0
470 211 0
471 212 0
472 208 0
473 206 0
474 204 0
475 201 0
476 201 0
477 201 0
478 202 0
479 203 0
480 203 1.9260059336390804e-7
481 205 1.9260059336390804e-7
482 206 1.9260059336390804e-7
483 204 1.9260059336390804e-7
484 203 1.9260059336390804e-7
485 204 1.9260059336390804e-7
486 202 1.9260059336390804e-7
487 198 1.9260059336390804e-7
488 201 0
489 199 0
490 196 0
491 195 0
492 195 0
493 195 0
494 194 0
495 193 0
496 192 0
497 191 0
498 189 0
499 187 0
500 185 0
501 183 0
502 181 0
503 180 0
504 182 0
505 183 0
506 185 0
507 187 0
508 187 0
509 187 0
510 186 0
511 185 0
512 177 0
513 173 0
514 168 0
515 164 0
516 160 0
517 155 0
518 150 0
519 147 0
520 139 0
521 135 0
522 131 0
523 129 0
524 129 0
525 130 0
526 131 0
527 130 0
528 133 0
529 133 0
530 134 0
531 135 0
532 135 0
533 134 0
534 133 0
535 133 0
536 121 0
537 117 9.630029668195403e-7
538 112 0.0000017334053402751723
539 106 0.0000025038077137308043
540 101 0.0000030816094938225286
541 99 0.0000034668106805503446
542 99 0.000003659411273914253
543 100 0.000003659411273914253
544 103 0.000003659411273914253
545 104 0.0000026964083070947126
546 104 0.0000019260059336390805
547 104 0.0000011556035601834483
548 103 5.778017800917241e-7
549 102 1.9260059336390804e-7
550 100 0
551 99 0
552 97 0
553 94 0
554 88 0
555 82 0
556 76 0
557 71 0
558 67 0
559 66 0
560 66 0
561 70 0
562 74 0
563 77 0
564 80 0
565 82 0
566 79 0
567 73 0
568 67 0
569 61 0
570 53 0
571 44 0
572 39 0
573 37 0
574 38 0
575 39 0
576 43 0
577 44 0
578 45 0
579 45 0
580 44 0
581 41 0
582 38 0
583 37 0
584 39 0
585 38 0
586 38 0
587 39 0
588 40 0
589 38 0
590 35 0
591 32 0
592 25 0
593 25 0
594 25 0
595 26 0
596 28 0
597 30 0
598 32 0
599 34 0
600 36 0
601 32 0
602 25 0
603 19 0
604 14 0
605 13 0
606 14 0
607 15 0
608 23 0
609 24 0
610 25 0
611 25 0
612 22 0
613 18 0
614 14 0
615 11 0
616 11 0
617 11 0
618 12 0
619 15 0
620 17 0
621 17 0
622 15 0
623 12 0
624 13 0
625 12 0
626 11 0
627 12 0
628 13 0
629 14 0
630 12 0
631 11 0
632 5 0
633 3 0
634 2 0
635 3 0
636 7 0
637 11 0
638 13 0
639 14 0
640 11 0
641 11 0
642 9 0
643 7 0
644 5 0
645 6 0
646 10 0
647 13 0
648 15 0
649 14 0
650 11 0
651 5 0
652 0 0
653 0 0
654 1 0
655 5 0
656 8 0
657 7 0
658 4 0
659 2 0
660 1 0
661 2 0
662 4 0
663 5 0
664 5 0
665 2 0
666 0 0
667 0 0
668 1 0
669 2 0
670 1 0
671 0 0
672 3 0
673 1 0
674 0 0
675 0 0
676 2 0
677 3 0
678 1 0
679 0 0
680 0 0
681 0 0
682 0 0
683 0 0
684 0 0
685 0 0
686 0 0
687 0 0
688 0 0
689 0 0
690 0 0
691 0 0
692 0 0
693 0 0
694 0 0
695 0 0
696 0 0
697 0 0
698 0 0
699 0 0
700 0 0
701 0 0
702 0 0
703 0 0
704 0 0
705 0 0
706 0 0
707 0 0
708 0 0
709 0 0
710 0 0
711 0 0
712 0 0
713 0 0
714 0 0
715 0 0
716 0 0
717 0 0
718 0 0
719 0 0
720 0 0
721 0 0
722 0 0
723 0 0
724 0 0
725 0 0
726 0 0
727 0 0
728 0 0
729 0 0
730 0 0
731 0 0
732 0 0
733 0 0
734 0 0
735 0 0
736 0 0
737 0 0
738 0 0
739 0 0
740 0 0
741 0 0
742 0 0
743 0 0
744 0 0
745 0 0
746 0 0
747 0 0
748 0 0
749 0 0
750 0 0
751 0 0
752 0 0
753 0 0
754 0 0
755 0 0
756 0 0
757 0 0
758 0 0
759 0 0
760 1 0
761 1 0
762 1 0
763 1 0
764 1 0
765 1 0
766 1 0
767 1 0
768 0 0
769 0 0
770 0 0
771 0 0
772 0 0
773 0 0
774 0 0
775 0 0
776 0 0
777 0 0
778 0 0
779 0 0
780 0 0
781 0 0
782 0 0
783 0 0
784 0 0
785 0 0
786 0 0
787 0 0
788 0 0
789 0 0
790 0 0
791 0 0
792 0 0
793 0 0
794 0 0
795 0 0
796 0 0
797 0 0
798 0 0
799 0 0
800 0 0
801 0 0
802 0 0
803 0 0
804 0 0
805 0 0
806 0 0
807 0 0
808 0 0
809 0 0
810 0 0
811 0 0
812 0 0
813 0 0
814 0 0
815 0 0
816 0 0
817 0 0
818 0 0
819 0 0
820 0 0
821 0 0
822 0 0
823 0 0
824 0 0
825 0 0
826 0 0
827 0 0
828 0 0
829 0 0
830 0 0
831 0 0
832 0 0
833 0 0
834 0 0
835 0 0
836 0 0
837 0 0
838 0 0
839 0 0
840 0 0
841 0 0
842 0 0
843 0 0
844 0 0
845 0 0
846 0 0
847 0 0
848 0 0
849 0 0
850 0 0
851 0 0
852 0 0
853 0 0
854 0 0
855 0 0
856 0 0
857 0 0
858 0 0
859 0 0
860 0 0
861 0 0
862 0 0
863 0 0
864 0 0
865 0 0
866 0 0
867 0 0
868 0 0
869 0 0
870 0 0
871 0 0
872 0 0
873 0 0
874 0 0
875 0 0
876 0 0
877 0 0
878 0 0
879 0 0
880 0 0
881 0 0
882 0 0
883 0 0
884 0 0
885 0 0
886 0 0
887 0 0
888 0 0
889 0 0
890 0 0
891 0 0
892 0 0
893 0 0
894 0 0
895 0 0
896 0 0
897 0 0
898 0 0
899 0 0
900 0 0
901 0 0
902 0 0
903 0 0
904 0 0
905 0 0
906 0 0
907 0 0
908 0 0
909 0 0
910 0 0
911 0 0
912 0 0
913 0 0
914 0 0
915 0 0
916 0 0
917 0 0
918 0 0
919 0 0
920 0 0
921 0 0
922 0 0
923 0 0
924 0 0
925 0 0
926 0 0
927 0 0
928 0 0
929 0 0
930 0 0
931 0 0
932 0 0
933 0 0
934 0 0
935 0 0
936 0 0
937 0 0
938 0 0
939 0 0
940 0 0
941 0 0
942 0 0
943 0 0
944 0 0
945 0 0
946 0 0
947 0 0
948 0 0
949 0 0
950 0 0
951 0 0
952 0 0
953 0 0
954 0 0
955 0 0
956 0 0
957 0 0
958 0 0
959 0 0
960 0 0
961 0 0
962 0 0
963 0 0
964 0 0
965 0 0
966 0 0
967 0 0
968 0 0
969 0 0
970 0 0
971 0 0
972 0 0
973 0 0
974 0 0
975 0 0
976 0 0
977 0 0
978 0 0
979 0 0
980 0 0
981 0 0
982 0 0
983 0 0
984 0 0
985 0 0
986 0 0
987 0 0
988 0 0
989 0 0
990 0 0
991 0 0
992 0 0
993 0 0
994 0 0
995 0 0
996 0 0
997 0 0
998 0 0
999 0 0
1000 0 0
1001 0 0
1002 0 0
1003 0 0
1004 0 0
1005 0 0
1006 0 0
1007 0 0
1008 0 0
1009 0 0
1010 0 0
1011 0 0
1012 0 0
1013 0 0
1014 0 0
1015 0 0
1016 0 0
1017 0 0
1018 0 0
1019 0 0
1020 0 0
1021 0 0
1022 0 0
1023 0 0
1024 0 0
1025 0 0
1026 0 0
1027 0 0
1028 0 0
1029 0 0
1030 0 0
1031 0 0
1032 0 0
1033 0 0
1034 0 0
1035 0 0
1036 0 0
1037 0 0
1038 0 0
1039 0 0
1040 0 0
1041 0 0
1042 0 0
1043 0 0
1044 0 0
1045 0 0
1046 0 0
1047 0 0
1048 0 0
1049 0 0
1050 0 0
1051 0 0
1052 0 0
1053 0 0
1054 0 0
1055 0 0
1056 0 0
1057 0 0
1058 0 0
1059 0 0
1060 0 0
1061 0 0
1062 0 0
1063 0 0
1064 0 0
1065 0 0
1066 0 0
1067 0 0
1068 0 0
1069 0 0
1070 0 0
1071 0 0
1072 0 0
1073 0 0
1074 0 0
1075 0 0
1076 0 0
1077 0 0
1078 0 0
1079 0 0
1080 0 0
1081 0 0
1082 0 0
1083 0 0
1084 0 0
1085 0 0
1086 0 0
1087 0 0
1088 0 0
1089 0 0
1090 0 0
1091 0 0
1092 0 0
1093 0 0
1094 0 0
1095 0 0
1096 0 0
1097 0 0
1098 0 0
1099 0 0
1100 0 0
1101 0 0
1102 0 0
1103 0 0
1104 0 0
1105 0 0
1106 0 0
1107 0 0
1108 0 0
1109 0 0
1110 0 0
1111 0 0
1112 0 0
1113 0 0
1114 0 0
1115 0 0
1116 0 0
1117 0 0
1118 0 0
1119 0 0
1120 0 0
1121 0 0
1122 0 0
1123 0 0
1124 0 0
1125 0 0
1126 0 0
1127 0 0
1128 0 0
1129 0 0
1130 0 0
1131 0 0
1132 0 0
1133 0 0
1134 0 0
1135 0 0
1136 0 0
1137 0 0
1138 0 0
1139 0 0
1140 0 0
1141 0 0
1142 0 0
1143 0 0
1144 0 0
1145 0 0
1146 0 0
1147 0 0
1148 0 0
1149 0 0
1150 0 0
1151 0 0
1152 0 0
1153 0 0
1154 0 0
1155 0 0
1156 0 0
1157 0 0
1158 0 0
1159 0 0
1160 0 0
1161 0 0
1162 0 0
1163 0 0
1164 0 0
1165 0 0
1166 0 0
1167 0 0
1168 0 0
1169 0 0
1170 0 0
1171 0 0
1172 0 0
1173 0 0
1174 0 0
1175 0 0
1176 0 0
1177 0 0
1178 0 0
1179 0 0
1180 0 0
1181 0 0
1182 0 0
1183 0 0
1184 0 0
1185 0 0
1186 0 0
1187 0 0
1188 0 0
1189 0 0
1190 0 0
1191 0 0
1192 0 0
1193 0 0
1194 0 0
1195 0 0
1196 0 0
1197 0 0
1198 0 0
1199 0 0
1200 0 0
1201 0 0
1202 0 0
1203 0 0
1204 0 0
1205 0 0
1206 0 0
1207 0 0
1208 0 0
1209 0 0
1210 0 0
1211 0 0
1212 0 0
1213 0 0
1214 0 0
1215 0 0
1216 0 0
1217 0 0
1218 0 0
1219 0 0
1220 0 0
1221 0 0
1222 0 0
1223 0 0
1224 0 0
1225 0 0
1226 0 0
1227 0 0
1228 0 0
1229 0 0
1230 0 0
1231 0 0
1232 0 0
1233 0 0
1234 0 0
1235 0 0
1236 0 0
1237 0 0
1238 0 0
1239 0 0
1240 0 0
1241 0 0
1242 0 0
1243 0 0
1244 0 0
1245 0 0
1246 0 0
1247 0 0
1248 0 0
1249 0 0
1250 0 0
1251 0 0
1252 0 0
1253 0 0
1254 0 0
1255 0 0
1256 0 0
1257 0 0
1258 0 0
1259 0 0
1260 0 0
1261 0 0
1262 0 0
1263 0 0
1264 0 0
1265 0 0
1266 0 0
1267 0 0
1268 0 0
1269 0 0
1270 0 0
1271 0 0
1272 0 0
1273 0 0
1274 0 0
1275 0 0
1276 0 0
1277 0 0
1278 0 0
1279 0 0
