0 38 
1 38 
2 38 
3 38 
4 38 
5 38 
6 38 
7 38 
8 40 
9 40 
10 40 
11 40 
12 40 
13 40 
14 40 
15 40 
16 41 
17 41 
18 41 
19 41 
20 41 
21 41 
22 41 
23 41 
24 40 
25 40 
26 40 
27 40 
28 40 
29 40 
30 40 
31 40 
32 34 
33 34 
34 34 
35 34 
36 34 
37 34 
38 34 
39 34 
40 31 
41 31 
42 31 
43 31 
44 31 
45 31 
46 31 
47 31 
48 33 
49 33 
50 33 
51 33 
52 33 
53 33 
54 33 
55 33 
56 37 
57 37 
58 37 
59 37 
60 37 
61 37 
62 37 
63 37 
64 39 
65 39 
66 39 
67 39 
68 39 
69 39 
70 39 
71 39 
72 46 
73 46 
74 46 
75 46 
76 46 
77 46 
78 46 
79 46 
80 55 
81 55 
82 55 
83 55 
84 55 
85 55 
86 55 
87 55 
88 62 
89 62 
90 62 
91 62 
92 62 
93 62 
94 62 
95 62 
96 64 
97 64 
98 64 
99 64 
100 64 
101 64 
102 64 
103 64 
104 66 
105 66 
106 66 
107 66 
108 66 
109 66 
110 66 
111 66 
112 74 
113 74 
114 74 
115 74 
116 74 
117 74 
118 74 
119 74 
120 82 
121 82 
122 82 
123 82 
124 82 
125 82 
126 82 
127 82 
128 85 
129 85 
130 85 
131 85 
132 85 
133 85 
134 85 
135 85 
136 90 
137 90 
138 90 
139 90 
140 90 
141 90 
142 90 
143 90 
144 101 
145 101 
146 101 
147 101 
148 101 
149 101 
150 101 
151 101 
152 107 
153 107 
154 107 
155 107 
156 107 
157 107 
158 107 
159 107 
160 110 
161 110 
162 110 
163 110 
164 110 
165 110 
166 110 
167 110 
168 117 
169 117 
170 117 
171 117 
172 117 
173 117 
174 117 
175 117 
176 124 
177 124 
178 124 
179 124 
180 124 
181 124 
182 124 
183 124 
184 134 
185 134 
186 134 
187 134 
188 134 
189 134 
190 134 
191 134 
192 142 
193 142 
194 142 
195 142 
196 142 
197 142 
198 142 
199 142 
200 143 
201 143 
202 143 
203 143 
204 143 
205 143 
206 143 
207 143 
208 152 
209 152 
210 152 
211 152 
212 152 
213 152 
214 152 
215 152 
216 144 
217 144 
218 144 
219 144 
220 144 
221 144 
222 144 
223 144 
224 151 
225 151 
226 151 
227 151 
228 151 
229 151 
230 151 
231 151 
232 163 
233 163 
234 163 
235 163 
236 163 
237 163 
238 163 
239 163 
240 169 
241 169 
242 169 
243 169 
244 169 
245 169 
246 169 
247 169 
248 177 
249 177 
250 177 
251 177 
252 177 
253 177 
254 177 
255 177 
256 171 
257 171 
258 171 
259 171 
260 171 
261 171 
262 171 
263 171 
264 178 
265 178 
266 178 
267 178 
268 178 
269 178 
270 178 
271 178 
272 174 
273 174 
274 174 
275 174 
276 174 
277 174 
278 174 
279 174 
280 167 
281 167 
282 167 
283 167 
284 167 
285 167 
286 167 
287 167 
288 169 
289 169 
290 169 
291 169 
292 169 
293 169 
294 169 
295 169 
296 174 
297 175 
298 177 
299 180 
300 182 
301 185 
302 187 
303 188 
304 191 
305 191 
306 191 
307 191 
308 191 
309 191 
310 191 
311 191 
312 195 
313 195 
314 195 
315 195 
316 195 
317 195 
318 195 
319 195 
320 197 
321 197 
322 197 
323 197 
324 197 
325 197 
326 197 
327 197 
328 206 
329 206 
330 206 
331 206 
332 206 
333 206 
334 206 
335 206 
336 196 
337 196 
338 196 
339 196 
340 196 
341 196 
342 196 
343 196 
344 190 
345 189 
346 187 
347 184 
348 182 
349 179 
350 177 
351 176 
352 176 
353 176 
354 176 
355 176 
356 176 
357 176 
358 176 
359 176 
360 187 
361 187 
362 187 
363 187 
364 187 
365 187 
366 187 
367 187 
368 204 
369 180 
370 180 
371 204 
372 204 
373 180 
374 180 
375 204 
376 200 
377 200 
378 200 
379 200 
380 200 
381 200 
382 200 
383 200 
384 193 
385 193 
386 193 
387 193 
388 193 
389 193 
390 193 
391 193 
392 200 
393 200 
394 200 
395 200 
396 200 
397 200 
398 200 
399 200 
400 198 
401 198 
402 198 
403 198 
404 198 
405 198 
406 198 
407 198 
408 194 
409 194 
410 194 
411 194 
412 194 
413 194 
414 194 
415 194 
416 191 
417 191 
418 191 
419 191 
420 191 
421 191 
422 191 
423 191 
424 189 
425 189 
426 189 
427 189 
428 189 
429 189 
430 189 
431 189 
432 184 
433 208 
434 208 
435 184 
436 184 
437 208 
438 208 
439 184 
440 190 
441 190 
442 190 
443 190 
444 190 
445 190 
446 190 
447 190 
448 192 
449 192 
450 192 
451 192 
452 192 
453 192 
454 192 
455 192 
456 195 
457 194 
458 192 
459 189 
460 187 
461 184 
462 182 
463 181 
464 181 
465 181 
466 181 
467 181 
468 181 
469 181 
470 181 
471 181 
472 176 
473 176 
474 176 
475 176 
476 176 
477 176 
478 176 
479 176 
480 170 
481 170 
482 170 
483 170 
484 170 
485 170 
486 170 
487 170 
488 162 
489 186 
490 186 
491 162 
492 162 
493 186 
494 186 
495 162 
496 171 
497 171 
498 171 
499 171 
500 171 
501 171 
502 171 
503 171 
504 165 
505 182 
506 182 
507 165 
508 165 
509 182 
510 182 
511 165 
512 179 
513 174 
514 168 
515 163 
516 163 
517 168 
518 174 
519 179 
520 180 
521 176 
522 169 
523 160 
524 150 
525 141 
526 134 
527 130 
528 142 
529 139 
530 134 
531 128 
532 121 
533 115 
534 110 
535 107 
536 91 
537 117 
538 150 
539 167 
540 166 
541 159 
542 157 
543 159 
544 139 
545 138 
546 136 
547 133 
548 131 
549 128 
550 126 
551 125 
552 119 
553 119 
554 119 
555 119 
556 119 
557 119 
558 119 
559 119 
560 113 
561 113 
562 113 
563 113 
564 113 
565 113 
566 113 
567 113 
568 114 
569 114 
570 114 
571 114 
572 114 
573 114 
574 114 
575 114 
576 110 
577 110 
578 110 
579 110 
580 110 
581 110 
582 110 
583 110 
584 99 
585 99 
586 99 
587 99 
588 99 
589 99 
590 99 
591 99 
592 93 
593 93 
594 93 
595 93 
596 93 
597 93 
598 93 
599 93 
600 89 
601 89 
602 89 
603 89 
604 89 
605 89 
606 89 
607 89 
608 88 
609 88 
610 88 
611 88 
612 88 
613 88 
614 88 
615 88 
616 85 
617 85 
618 85 
619 85 
620 85 
621 85 
622 85 
623 85 
624 85 
625 84 
626 82 
627 79 
628 77 
629 74 
630 72 
631 71 
632 69 
633 69 
634 69 
635 69 
636 69 
637 69 
638 69 
639 69 
640 71 
641 71 
642 71 
643 71 
644 71 
645 71 
646 71 
647 71 
648 73 
649 74 
650 76 
651 79 
652 81 
653 84 
654 86 
655 87 
656 67 
657 91 
658 91 
659 67 
660 67 
661 91 
662 91 
663 67 
664 84 
665 84 
666 84 
667 84 
668 84 
669 84 
670 84 
671 84 
672 81 
673 81 
674 81 
675 81 
676 81 
677 81 
678 81 
679 81 
680 80 
681 80 
682 80 
683 80 
684 80 
685 80 
686 80 
687 80 
688 82 
689 82 
690 82 
691 82 
692 82 
693 82 
694 82 
695 82 
696 86 
697 86 
698 86 
699 86 
700 86 
701 86 
702 86 
703 86 
704 89 
705 90 
706 92 
707 95 
708 97 
709 100 
710 102 
711 103 
712 104 
713 105 
714 107 
715 110 
716 112 
717 115 
718 117 
719 118 
720 124 
721 124 
722 124 
723 124 
724 124 
725 124 
726 124 
727 124 
728 135 
729 135 
730 135 
731 135 
732 135 
733 135 
734 135 
735 135 
736 131 
737 132 
738 135 
739 139 
740 143 
741 147 
742 150 
743 151 
744 155 
745 154 
746 152 
747 149 
748 146 
749 144 
750 142 
751 141 
752 165 
753 162 
754 156 
755 147 
756 137 
757 126 
758 118 
759 113 
760 134 
761 140 
762 148 
763 151 
764 145 
765 132 
766 115 
767 105 
768 146 
769 146 
770 146 
771 146 
772 146 
773 146 
774 146 
775 146 
776 147 
777 147 
778 147 
779 147 
780 147 
781 147 
782 147 
783 147 
784 152 
785 152 
786 152 
787 152 
788 152 
789 152 
790 152 
791 152 
792 140 
793 165 
794 167 
795 145 
796 148 
797 175 
798 177 
799 154 
800 170 
801 170 
802 170 
803 170 
804 170 
805 170 
806 170 
807 170 
808 175 
809 175 
810 175 
811 175 
812 175 
813 175 
814 175 
815 175 
816 190 
817 166 
818 166 
819 190 
820 190 
821 166 
822 166 
823 190 
824 176 
825 176 
826 176 
827 176 
828 176 
829 176 
830 176 
831 176 
832 152 
833 178 
834 180 
835 160 
836 164 
837 192 
838 195 
839 172 
840 178 
841 178 
842 178 
843 178 
844 178 
845 178 
846 178 
847 178 
848 173 
849 173 
850 173 
851 173 
852 173 
853 173 
854 173 
855 173 
856 164 
857 164 
858 164 
859 164 
860 164 
861 164 
862 164 
863 164 
864 175 
865 152 
866 154 
867 181 
868 184 
869 162 
870 164 
871 189 
872 180 
873 181 
874 183 
875 186 
876 188 
877 191 
878 193 
879 194 
880 180 
881 203 
882 201 
883 174 
884 171 
885 193 
886 191 
887 166 
888 169 
889 169 
890 169 
891 169 
892 169 
893 169 
894 169 
895 169 
896 164 
897 165 
898 167 
899 170 
900 172 
901 175 
902 177 
903 178 
904 183 
905 183 
906 183 
907 183 
908 183 
909 183 
910 183 
911 183 
912 182 
913 181 
914 179 
915 176 
916 174 
917 171 
918 169 
919 168 
920 157 
921 157 
922 157 
923 157 
924 157 
925 157 
926 157 
927 157 
928 153 
929 154 
930 156 
931 159 
932 161 
933 164 
934 166 
935 167 
936 163 
937 163 
938 163 
939 163 
940 163 
941 163 
942 163 
943 163 
944 150 
945 150 
946 150 
947 150 
948 150 
949 150 
950 150 
951 150 
952 150 
953 150 
954 150 
955 150 
956 150 
957 150 
958 150 
959 150 
960 168 
961 144 
962 144 
963 168 
964 168 
965 144 
966 144 
967 168 
968 170 
969 167 
970 162 
971 155 
972 147 
973 140 
974 135 
975 132 
976 150 
977 150 
978 150 
979 150 
980 150 
981 150 
982 150 
983 150 
984 153 
985 152 
986 150 
987 147 
988 145 
989 142 
990 140 
991 139 
992 129 
993 128 
994 126 
995 123 
996 121 
997 118 
998 116 
999 115 
1000 109 
1001 109 
1002 109 
1003 109 
1004 109 
1005 109 
1006 109 
1007 109 
1008 111 
1009 112 
1010 114 
1011 117 
1012 119 
1013 122 
1014 124 
1015 125 
1016 128 
1017 128 
1018 128 
1019 128 
1020 128 
1021 128 
1022 128 
1023 128 
1024 128 
1025 123 
1026 117 
1027 112 
1028 112 
1029 117 
1030 123 
1031 128 
1032 165 
1033 154 
1034 135 
1035 115 
1036 98 
1037 87 
1038 82 
1039 81 
1040 78 
1041 93 
1042 106 
1043 105 
1044 92 
1045 81 
1046 81 
1047 86 
1048 61 
1049 70 
1050 84 
1051 93 
1052 93 
1053 84 
1054 70 
1055 61 
1056 61 
1057 53 
1058 49 
1059 59 
1060 75 
1061 85 
1062 81 
1063 73 
1064 69 
1065 70 
1066 72 
1067 75 
1068 77 
1069 80 
1070 82 
1071 83 
1072 87 
1073 87 
1074 87 
1075 87 
1076 87 
1077 87 
1078 87 
1079 87 
1080 89 
1081 89 
1082 89 
1083 89 
1084 89 
1085 89 
1086 89 
1087 89 
1088 96 
1089 95 
1090 92 
1091 88 
1092 84 
1093 80 
1094 77 
1095 76 
1096 56 
1097 57 
1098 59 
1099 61 
1100 63 
1101 65 
1102 67 
1103 68 
1104 65 
1105 60 
1106 54 
1107 49 
1108 49 
1109 54 
1110 60 
1111 65 
1112 75 
1113 69 
1114 61 
1115 53 
1116 51 
1117 53 
1118 57 
1119 61 
1120 55 
1121 55 
1122 55 
1123 55 
1124 55 
1125 55 
1126 55 
1127 55 
1128 57 
1129 57 
1130 57 
1131 57 
1132 57 
1133 57 
1134 57 
1135 57 
1136 48 
1137 48 
1138 48 
1139 48 
1140 48 
1141 48 
1142 48 
1143 48 
1144 55 
1145 54 
1146 52 
1147 49 
1148 47 
1149 44 
1150 42 
1151 41 
1152 39 
1153 38 
1154 36 
1155 33 
1156 31 
1157 28 
1158 26 
1159 25 
1160 26 
1161 26 
1162 26 
1163 26 
1164 26 
1165 26 
1166 26 
1167 26 
1168 28 
1169 28 
1170 28 
1171 28 
1172 28 
1173 28 
1174 28 
1175 28 
1176 29 
1177 29 
1178 29 
1179 29 
1180 29 
1181 29 
1182 29 
1183 29 
1184 29 
1185 29 
1186 29 
1187 29 
1188 29 
1189 29 
1190 29 
1191 29 
1192 30 
1193 30 
1194 30 
1195 30 
1196 30 
1197 30 
1198 30 
1199 30 
1200 28 
1201 28 
1202 28 
1203 28 
1204 28 
1205 28 
1206 28 
1207 28 
1208 30 
1209 30 
1210 30 
1211 30 
1212 30 
1213 30 
1214 30 
1215 30 
1216 33 
1217 33 
1218 33 
1219 33 
1220 33 
1221 33 
1222 33 
1223 33 
1224 33 
1225 33 
1226 33 
1227 33 
1228 33 
1229 33 
1230 33 
1231 33 
1232 28 
1233 28 
1234 28 
1235 28 
1236 28 
1237 28 
1238 28 
1239 28 
1240 23 
1241 23 
1242 23 
1243 23 
1244 23 
1245 23 
1246 23 
1247 23 
1248 22 
1249 22 
1250 22 
1251 22 
1252 22 
1253 22 
1254 22 
1255 22 
1256 20 
1257 20 
1258 20 
1259 20 
1260 20 
1261 20 
1262 20 
1263 20 
1264 26 
1265 26 
1266 26 
1267 26 
1268 26 
1269 26 
1270 26 
1271 26 
1272 27 
1273 27 
1274 27 
1275 27 
1276 27 
1277 27 
1278 27 
1279 27 
