0 0.10000372665317209 182.2580743697941
1 0.08776217371592206 181.63317795287705
2 0.05403434835188614 179.92634884096688
3 0.007078047972085735 177.55396157069558
4 -0.04161013555019056 175.09218702240247
5 -0.08010958241496116 173.1357433654364
6 -0.09899422825111308 172.15239297251358
7 -0.09364039329715233 172.368784185918
8 -0.06535882033512755 173.71549852496693
9 -0.02107375901007919 175.84462625720076
10 0.028372332114288995 178.215425853188
11 0.07087339770159826 180.2269782174932
12 0.09602377035451501 181.36529387856487
13 0.09766584106244731 181.3288615132351
14 0.07539765680677252 180.10197196688378
15 0.0346713328508049 177.95798795384277
16 -0.014541815046045837 175.39190102361533
17 -0.06019259630051548 172.99881518554548
18 -0.09110400739504751 171.3281893971979
19 -0.09970775194679049 170.74954019723398
20 -0.0838972234033394 171.3624303067702
21 -0.047543275575933845 172.97267008998284
22 0.0004534976048909235 175.1404185497889
23 0.048341938142847825 177.28827230840236
24 0.08439741753968359 178.84278215029494
25 0.09979243502303511 179.37471436947988
26 0.09075789787696756 178.70375184039844
27 0.05950592707340893 176.94209772646536
28 0.013688253202366992 174.46644125998358
29 -0.03547719373323988 171.82528915703378
30 -0.07595282450198433 169.60446141363653
31 -0.09782861198100688 168.2837364917124
32 -0.095748411074019 168.11972813976405
33 -0.07022132947292806 169.08358789258375
34 -0.027497079964454912 170.8686583000406
35 0.021964167616222493 172.96606102925657
36 0.06605280117783846 174.78959141570806
37 0.09397462217232073 175.81926918334827
38 0.09889364229896273 175.72839501925478
39 0.07960577231017206 174.46306967774396
40 0.0408336255278554 172.25482396085712
41 -0.007929742111337743 169.56340881014307
42 -0.05474506271832432 166.96388343937818
43 -0.0881500050942285 165.00573461277938
44 -0.09996555261652904 164.07854368715905
45 -0.08729851118557715 164.3170447760583
46 -0.05324986344548957 165.56871420419307
47 -0.006155539460619054 167.4316883941054
48 0.042454510335781626 169.35358909665322
49 0.08067924979957372 170.7669569137207
50 0.09916034648374031 171.22809061695352
51 0.0933734185282623 170.525326136097
52 0.0647357618841335 168.73033504392083
53 0.020259347614709662 166.18001478852668
54 -0.02916595236183659 163.39354579731278
55 -0.07143858487508026 160.9450387235489
56 -0.0962081969024981 159.32301453292678
57 -0.0974097620652578 158.81111499737344
58 -0.07474850967159356 159.41917592628155
59 -0.03377209388807628 160.88141571043855
60 0.015487666492533225 162.72204052302155
61 0.060970928212269654 164.37207731708386
62 0.09154249486676404 165.3087501026328
63 0.09971810246631187 165.1832618185716
64 0.08349682945267033 163.9057523498113
65 0.0468509932933229 161.66674381942943
66 -0.0012464101173821692 158.8899628449216
67 -0.04901860749491708 156.1282248514394
68 -0.08476841164419448 153.92796712935112
69 -0.09974209943994519 152.69563101294798
70 -0.09027262709542849 152.5985704714786
71 -0.05867744887281133 153.5246498382292
72 -0.012691121900710924 155.1102870279405
73 0.036428384773564665 156.82993670517865
74 0.07665603531006279 158.12499535148615
75 0.09814387696459184 158.54051524793002
76 0.09563216416786294 157.8362722788278
77 0.06973712953182741 156.04507709930806
78 0.026800110530252483 153.46418115476868
79 -0.022665029093949126 150.58202367153024
80 -0.06654605780499416 147.95837567007013
81 -0.0940978708600627 146.08729656795143
82 -0.09857326450264485 145.2764592020095
83 -0.07887488448716022 145.57232303136425
84 -0.03982389431999535 146.74935762113057
85 0.009020416140947562 148.3658132524594
86 0.055701080748198906 149.87225360817098
87 0.08879094198944172 150.746190588227
88 0.1001904203683774 150.61983508627333
89 0.0871105767242976 149.36973309838947
90 0.0527559446754936 147.14644686087087
91 0.0055399519924872985 144.33715241696956
92 -0.042974976885136205 141.47044816477012
93 -0.08090830244010035 139.08678288432668
94 -0.09897013723005108 137.6062694210525
95 -0.09273573095263551 137.22622002158514
96 -0.06372880015058682 137.87339896920187
97 -0.019048465659406582 139.22255035709583
98 0.03036886348176826 140.7765236777541
99 0.07242710822188261 141.988264457504
100 0.09683206547711386 142.39474119846113
101 0.09761179215768961 141.73002649896017
102 0.07457874933467558 139.98992111609266
103 0.03337572266425445 137.4324224648449
104 -0.01590572384820749 134.51406502911237
105 -0.06119601003887032 131.7778446020078
106 -0.09140258897192614 129.7202450810963
107 -0.09912578436720096 128.66993654618156
108 -0.08247048434441898 128.70778638873793
109 -0.04551012566640668 129.64765496133072
110 0.0027106310476988473 131.08253718670366
111 0.05039035525278096 132.48461912530752
112 0.08586025400204167 133.334657555658
113 0.10044110533614939 133.24897380589587
114 0.0905682406090652 132.07300753468488
115 0.05866430597045225 129.9186244376222
116 0.012546120559858428 127.13617955364592
117 -0.03648914678192606 124.22831537360912
118 -0.07642991159147108 121.7267086160727
119 -0.09749102151852962 120.06199370550334
120 -0.09450949562263516 119.45869170834793
121 -0.06820859469118074 119.88078594518012
122 -0.025020734073870583 121.04114062203031
123 0.02448740385753957 122.47231451977228
124 0.06820197023366913 123.64131157627361
125 0.09542785076496822 124.08010386233784
126 0.09950721135464469 123.49996879884402
127 0.07944957696176029 121.86171366415807
128 0.040174343563628555 119.38471278132032
129 -0.008693652162881394 116.49268648830706
130 -0.055180618887149285 113.7096270368634
131 -0.08789540242229377 111.53143874418868
132 -0.09881842735330494 110.30474098440715
133 -0.08526515831124148 110.14245886449659
134 -0.050543357089098684 110.89676134353618
135 -0.0031432161282839684 112.19583381781335
136 0.04534134806325465 113.53534515905413
137 0.08305130169921682 114.40211344458109
138 0.10076601077456193 114.39965145200308
139 0.09416078616347225 113.34488305277335
140 0.06486573098795445 111.31244318881522
141 0.020066647499646977 108.61584808183697
142 -0.02925428460389339 105.73028677032094
143 -0.07100731511459767 103.17605178146947
144 -0.09495510178052544 101.39120920511567
145 -0.09521915433491515 100.62467385535852
146 -0.07171907916662627 100.87579241006527
147 -0.030192247333741422 101.89510234132321
148 0.019210929502920037 103.24593862313249
149 0.06441218979108586 104.4116795001792
150 0.09436261809065781 104.92229618705262
151 0.10174782165997373 104.4692117162051
152 0.08477876605792264 102.98040579844364
153 0.047629810756874884 100.63749076142797
154 -0.0005833016206440427 97.83071842090688
155 -0.048035278554738804 95.06306726300936
156 -0.08308650274407729 92.82698639897039
157 -0.09713279699390392 91.48400456533781
158 -0.08671200703428636 91.1766406510053
159 -0.054351637316757656 91.79408301780722
160 -0.007950008975667985 92.99990424077777
161 0.04115754594020246 94.31488665908564
162 0.08097399087825614 95.23457232907988
163 0.10177790004186263 95.35270687397491
164 0.0985036252897619 94.46037362577266
165 0.07198156681541222 92.59663141460638
166 0.02873488609657465 90.03838727970755
167 -0.020617567116470937 87.23212548118256
168 -0.06396109459233916 84.68432775768675
169 -0.09065122472746281 82.8374822213096
170 -0.09411982433177112 81.96203854876175
171 -0.07348318002605515 82.09069470524231
172 -0.03375833483254114 83.01098461278885
173 0.015365286792299367 84.31783973638012
174 0.061898216458242075 85.51312624350872
175 0.09448641092538487 86.12770221327484
176 0.10519114757049786 85.83609065438408
177 0.09143273088174812 84.53574196502882
178 0.05662212285122532 82.37158703242335
179 0.009325852124722204 79.7000084559075
180 -0.038831338717911085 77.00118744308769
181 -0.0760126026500198 74.7613874660238
182 -0.09306702758073489 73.35403577755908
183 -0.08577006451120486 72.94868789530476
184 -0.05585780950605905 73.47007053411264
185 -0.010601911173627293 74.617097429022
186 0.038970818878542604 75.93706157796167
187 0.08077819116694424 76.93672532058909
188 0.10464081748538623 77.20305063770654
189 0.10477441866904602 76.50402105688613
190 0.08120605711385605 74.84494754257895
191 0.039767550944971516 72.466597669536
192 -0.009332317717246652 69.785748324179
193 -0.05400722717423458 67.2928413477381
194 -0.08325242697458603 65.43187615498981
195 -0.08983904160842385 64.49195554837108
196 -0.07208390755275348 64.53697863099273
197 -0.03426162582754075 65.39058033302224
198 0.014442054780179233 66.67986405807392
199 0.06217927554130849 67.92708711820589
200 0.09734088376701071 68.6667584556642
201 0.11139880603185724 68.55944937868274
202 0.10099406654676668 67.47449311412333
203 0.06875923096683492 65.52142643907547
204 0.022673912710885806 63.02261200945007
205 -0.025888863672336313 60.43388319884755
206 -0.06494712370375455 58.23274735763604
207 -0.08484349552232352 56.80156822981399
208 -0.08060961780354642 56.33430754409797
209 -0.053182513524840054 56.78957283193898
210 -0.009175118854552302 57.90133731085952
211 0.04074285030688912 59.24456545716581
212 0.08445727379594026 60.339557694608246
213 0.11137564404229451 60.76939963669317
214 0.11502053994422141 60.281761157866036
215 0.09461558490874131 58.85019033439736
216 0.05527559121687898 56.680015527939894
217 0.00675433674215211 54.15755248588258
218 -0.03894343804571415 51.755181240166266
219 -0.07050114637441254 49.91561763597011
220 -0.08006098658709451 48.94373298870864
221 -0.06514774148602276 48.93235742548205
222 -0.029274732429612794 49.74012460796339
223 0.01891643051104184 51.02664301996226
224 0.06777168316928282 52.33624657359663
225 0.10547789656361324 53.209719809038596
226 0.12295521162672103 53.29660463864772
227 0.11608017496293513 52.44062354166254
228 0.08669537446107527 50.71739876843908
229 0.042158380746794094 48.415366288602414
230 -0.006459570668078198 45.96469796331385
231 -0.04708413111294395 43.83174724887853
232 -0.06959398677328688 42.4049195477316
233 -0.06829883486761279 41.89989849798183
234 -0.04333249300450064 42.30735396073653
235 -0.0006200599719724878 43.39580907440689
236 0.04957283184690336 44.768822229797564
237 0.09515347881642915 45.96235979459634
238 0.12516289989606652 46.55844384758584
239 0.13245905638652938 46.28724150737729
240 0.11546555178725551 45.09266143383042
241 0.07855766903889339 43.145512051625964
242 0.030991229756398446 40.80114089765205
243 -0.015363471944821239 38.51205906420082
244 -0.048927849013899044 36.71703507525423
245 -0.06124978032267985 35.73384031928864
246 -0.04907290099976694 35.68186385455757
247 -0.015133789815252034 36.453441304605676
248 0.032508125640163185 37.74078056284276
249 0.08244388337998715 39.11175343132738
250 0.12270838483783088 40.11589059390868
251 0.14370995484517513 40.39458084713164
252 0.14057880529496616 39.76851622238016
253 0.11435941665834354 38.28106024436121
254 0.07175490075031979 36.187051470624226
255 0.02348593363108959 33.88992527042125
256 -0.018333950921822287 31.842667079728034
257 -0.04316408769831278 30.43691346481015
258 -0.04461731289595328 29.907350719908184
259 -0.022023674621003166 30.274747457648196
260 0.01940562978866408 31.34144796797634
261 0.06985422716392835 32.740287746235225
262 0.11730404980873932 34.02482659410229
263 0.15047786863008153 34.77872375721891
264 0.16160044332742823 34.71745836970692
265 0.14830226374445266 33.757542434641906
266 0.11419978007156992 32.036389636906094
267 0.06801006127540242 29.87811486616053
268 0.021416644214060657 27.713773640484686
269 -0.013790912029870886 25.975668358662222
270 -0.028603429774481492 24.991636511324298
271 -0.018997782085045198 24.905170046808475
272 0.013078196901179714 25.640828384175908
273 0.060182701030112876 26.92327904307745
274 0.11120205696964841 28.345163731385593
275 0.15407182997852925 29.46706170152316
276 0.17873070896947707 29.92501927243148
277 0.17958395674022967 29.51933142467844
278 0.15687328679672918 28.26291784019087
279 0.11661777310183874 26.37757537385209
280 0.06914026005895949 24.239166657871337
281 0.02654005891402776 22.285287992763305
282 -0.00026929740708925287 20.90809708008021
283 -0.004231980145420838 20.358547338694052
284 0.016122709345927216 20.685413844874937
285 0.056320347626853895 21.72392387776813
286 0.10703696970663086 23.13663456080833
287 0.1563819857162341 24.496417183229827
288 0.19280949604472286 25.391139960714266
289 0.20794521340689964 25.524392046008202
290 0.19863686267533526 24.787631086444055
291 0.16772604903463245 23.28619284457228
292 0.12335261416021988 21.312932123659802
293 0.07696179823621484 19.276086855912308
294 0.04050212399810821 17.599132065855226
295 0.02350005845832641 16.617189578153983
296 0.030727677092918515 16.495332499004657
297 0.06103436758291379 17.18869853294183
298 0.10762861272309272 18.45404708202082
299 0.15974086215696334 19.90978898976374
300 0.20526036388445024 21.129673804234866
301 0.23370036716797227 21.74713153594001
302 0.23876571169148428 21.544725872983932
303 0.21989416753921187 20.506888781455448
304 0.18239415215147742 18.823146716961404
305 0.13614510628375331 16.841190608062902
306 0.09317872219980947 14.981407542488332
307 0.06473322373428367 13.633882086568919
308 0.058501913140088735 13.06310154277956
309 0.07674963635164195 13.343643514193216
310 0.11575832159682076 14.342481855033922
311 0.16673734278158486 15.752103434390229
312 0.21797581887919878 17.166192237850836
313 0.2577098913079575 18.179252855235635
314 0.2770029697339681 18.48574565432657
315 0.27193376161279337 17.954495856495345
316 0.24455637946641878 16.66025458581165
317 0.20239745808775259 14.864819193158239
318 0.15661340485828945 12.952475402751002
319 0.11925895250810767 11.33567872477948
320 0.10033576780409091 10.354123047317106
321 0.10534371963208848 10.191893801932324
322 0.13393434138850457 10.832909256129794
323 0.17999616698980794 12.065432756228992
324 0.2331510472088032 13.534409024891875
325 0.2812950958532572 14.828687983181705
326 0.3135621534847709 15.581707307405125
327 0.32298420934660543 15.560977146888717
328 0.3081974173691065 14.724520896536974
329 0.27377601397781826 13.230569681057334
330 0.2291123829223012 11.398278301789906
331 0.18611746625855874 9.629212428984113
332 0.1563045410221542 8.3089195286762
333 0.14797035471464848 7.7127083590446945
334 0.1641637758937849 7.938661259042916
335 0.2019393049957494 8.884176539692056
336 0.2530782119228539 10.271646595519321
337 0.3061007407134825 11.716846905304218
338 0.34907672336285506 12.823187436861145
339 0.37254646645858613 13.278704991789029
340 0.37183677566513823 12.932074111968074
341 0.3482050744422983 11.829115266330412
342 0.30853149678713143 10.200993038098684
343 0.26363434039032413 8.407135242113444
344 0.22562131598163673 6.846965406220995
345 0.20492509936119588 5.862123579709085
346 0.20774898632755198 5.653110505695466
347 0.23454804322287254 6.230691292178607
348 0.2799176203758503 7.413834515890312
349 0.33391652420354623 8.874549237988205
350 0.3845008892597597 10.218514999314674
351 0.42047285343518165 11.08168248598478
352 0.43422209775027926 11.219178270719878
353 0.42358902615533917 10.564800924146459
354 0.3923934139139413 9.246652418354488
355 0.3494990929820883 7.555217635433103
356 0.30664367199798176 5.87184217771238
357 0.2755646510975205 4.5752165354313625
358 0.2651255588582437 3.948797728914761
359 0.2791457332585494 4.111799653408516
360 0.3154650919456138 4.9905511659491095
361 0.3664728686529116 6.337099506393175
362 0.4209708626392612 7.790364362989481
363 0.4669150126929602 8.964759293147347
364 0.4943640627605246 9.544528614598784
365 0.497913383009419 9.360718194104214
366 0.4780180620419482 8.432016279403609
367 0.440881331139916 6.959592384757922
368 0.3969356381765733 5.277339952337974
369 0.35828825727916713 3.769827262535686
370 0.33575683808904405 2.778117348637107
371 0.336220695556478 2.516520201857039
372 0.3609363369150213 3.0205952318817406
373 0.40522964359207736 4.1390177498912335
374 0.4596400726739022 5.571159409383541
375 0.5122367375178054 6.941050407697039
376 0.5515393102208332 7.889526087119103
377 0.5693286071723314 8.161972509035238
378 0.5626587283487866 7.670233262853925
379 0.5345781085025393 6.513625040872618
380 0.4933829417951428 4.95405456947867
381 0.45058576759470725 3.351466763342098
382 0.41809657851649884 2.0755322619101517
383 0.40530661380773253 1.4152405591839075
384 0.41678882720178023 1.508507513940776
385 0.4511780349522156 2.308941959451951
386 0.501504922908892 3.5977764289760947
387 0.5569021361022537 5.037899642484765
388 0.6052647406535996 6.256645394897569
389 0.6362136842013331 6.937005370287145
390 0.6436366964316538 6.894939782240174
391 0.6271845287044749 6.123930860530347
392 0.5923562011912342 4.795993719545377
393 0.5491523861150182 3.2190392555951406
394 0.5096266259061398 1.761154824451683
395 0.4849339335409132 0.7604216693378913
396 0.48259938070487024 0.4423630698374029
397 0.5046754187324307 0.865179348044898
398 0.5472390844982276 1.9060666816548801
399 0.6013521928714971 3.2918292121998873
400 0.655249427213334 4.666154992548159
401 0.6972186071337247 5.676988271677851
402 0.7184679435939783 6.062572376019669
403 0.7152782773942442 5.715133290667296
404 0.6899133580925868 4.706709827570481
405 0.6500652954216264 3.270941594050343
406 0.6069709561313067 1.7454133962233596
407 0.5726604781006984 0.4887820250485752
408 0.5570115615249908 -0.20697121665041812
409 0.5653307495317733 -0.18769524284952116
410 0.597053885191177 0.5257076821893968
411 0.6458839184726933 1.7429761005331188
412 0.7013323233072858 3.151564631112214
413 0.7512867322090374 4.393453194702226
414 0.7849761420633887 5.152813426758564
415 0.7956077054035878 5.233065024863688
416 0.7820295288251893 4.604521069784434
417 0.7490123676120505 3.4110748385987155
418 0.7060812480241466 1.9344325035362964
419 0.665183076980661 0.5247795034277563
420 0.6377612897554538 -0.4850562732571478
421 0.6319537640784416 -0.860905162666407
422 0.6506000491227234 -0.5241616457910804
423 0.6905458093488707 0.42953171265482093
424 0.7434147797402261 1.75425855011016
425 0.797659230994617 3.1144541742692824
426 0.8413869194122326 4.167236234547079
427 0.8652723856861466 4.646240135310216
428 0.8648398152499495 4.4264605621651585
429 0.8415585364863902 3.554314444098532
430 0.8024829407642404 2.235697036694465
431 0.7585249845730098 0.7850965634376219
432 0.7217822256187955 -0.45165848039023987
433 0.7025755829710177 -1.182043470025124
434 0.7069220810265485 -1.2381566372313837
435 0.7350613378492454 -0.6173259615077619
436 0.7813965650697123 0.5178146036897291
437 0.8358645247677814 1.8796560589076727
438 0.8863990302545894 3.1263518978234512
439 0.9218848399860952 3.945564043834228
440 0.9348787284984441 4.130700379356848
441 0.9234315214407384 3.6310348545059736
442 0.8915649971247133 2.5635512327844054
443 0.8482868926006069 1.1837510629889296
444 0.8053851752657293 -0.1772927648242632
445 0.7745416193842124 -1.1941303232441287
446 0.7644713847939161 -1.6264648795322647
447 0.7787889288337921 -1.377584898276725
448 0.8151227508203931 -0.5174903810735194
449 0.8656957106390493 0.7348128706917326
450 0.91922883935762 2.065376634419844
451 0.9637025227644528 3.1423856421253467
452 0.9892990239375771 3.697322277557314
453 0.9908059128319682 3.590366533476463
454 0.9688919596342138 2.844102369840834
455 0.9299431088267615 1.6374063533762886
456 0.8844986933639772 0.2611568363976875
457 0.8446707583999479 -0.9532715551504569
458 0.8211783342536297 -1.7151509844742405
459 0.8207227721513325 -1.8453121666722667
460 0.84434675222213 -1.3195293958103793
461 0.8871787359459087 -0.27387512470513364
462 0.9396254301310084 1.0291252173881271
463 0.9897203057730363 2.2651214845639243
464 1.0260531725908526 3.127440043741554
465 1.0405635473390102 3.4019710573981436
466 1.0305139020278067 3.0191546169990247
467 0.9991596721813317 2.0704438763059905
468 0.9549519838565238 0.7853529611385436
469 0.9094682997645394 -0.52515390441176
470 0.8745776346025652 -1.5449698637331288
471 0.8595343938544412 -2.03012491639321
472 0.8687123657801933 -1.8681451548490728
473 0.9005336644852908 -1.1050502932881896
474 0.9478548562581668 0.06648784103483071
475 0.9997157320767751 1.3547856479069322
476 1.0440225658761157 2.440808052061876
477 1.0705089034602686 3.05624321761603
478 1.0732489777586403 3.048884757862622
479 1.052108378796869 2.4193891008524213
480 1.01277680386027 1.3205325586867864
481 0.9653748695452371 0.01929218849095099
482 0.9219760867721131 -1.1688400887400303
483 0.8936507057719753 -1.957149768761792
484 0.8877552009623676 -2.1576629739755333
485 0.9061310244119964 -1.7267089044587591
486 0.9446536359287223 -0.7750392306051788
487 0.9942422229919532 0.4598326042773652
488 1.0430828959299556 1.6721661594632409
489 1.0795210426778392 2.562977363877782
490 1.0949146938454497 2.9130804225830857
491 1.0857502948569036 2.6363438854138113
492 1.0545028703933388 1.8002215945586966
493 1.0090299829219629 0.6086679094966692
494 0.9606478654343443 -0.6482406405992844
495 0.9213607582276898 -1.665534669664004
496 0.9009218047425931 -2.1979420311766105
497 0.904445101684695 -2.1195955771257062
498 0.9311535568632048 -1.4543243860812551
499 0.9745691228338347 -0.36924102072560133
500 1.024098830528526 0.8666632131083296
501 1.067628306533695 1.9486575168334064
502 1.0944877905407049 2.610883164317958
503 1.0980644684550376 2.691168927540203
504 1.0774215309089108 2.1702486336747957
505 1.03752755518132 1.1758981751955928
506 0.9880400498223576 -0.04887913590570453
507 0.9409409926703451 -1.2056998429644026
508 0.9076032650022386 -2.0139416931330296
509 0.8960062210289086 -2.2792505083188814
510 0.9087821184095741 -1.9406887073509689
511 0.9425717117012967 -1.0850888782133374
512 0.9888467819106976 0.07476304955869294
513 1.035998218192498 1.2526368873975038
514 1.0721784164327328 2.159102476745504
515 1.0882020763698859 2.572270296817778
516 1.0797951809049162 2.391738293886532
517 1.0486415289808013 1.6626295798145694
518 1.0019705942317632 0.5639687887132816
519 0.9507876159236077 -0.6356162131089663
520 0.9071792575921914 -1.6439073877540014
521 0.8813545020519433 -2.216602597782767
522 0.8791452748136692 -2.216817257849225
523 0.9005787303994832 -1.6480900561728546
524 0.9398707555867698 -0.6529364383083542
525 0.9868422801390719 0.5225537877481091
526 1.0294116326837885 1.5892820413188649
527 1.0565527260132288 2.28596409107869
528 1.0609948047934108 2.4428603692652984
529 1.0410027631980006 2.0228689676715947
530 1.0008021485305263 1.1300340538521567
531 0.949544795033514 -0.01647271547588866
532 0.8990683367080312 -1.1363942520480095
533 0.8609981484476535 -1.9571289997405368
534 0.8439012612705417 -2.2803103392922135
535 0.8511890723589116 -2.029963512363568
536 0.880282339528759 -1.2705501245255655
537 0.9232428984980832 -0.1906187540517487
538 0.9687174364247358 0.943796493193977
539 1.0047174180484222 1.8545124131206434
540 1.0215545414498863 2.3192218961562165
541 1.0142130213636662 2.2255733257126114
542 0.9835778822350064 1.5981490175186823
543 0.9362185319222842 0.5918668722920192
544 0.8827806046287837 -0.5464374303452255
545 0.8353798058768529 -1.5387221916234337
546 0.804635837042215 -2.1438131550985275
547 0.7970725980409458 -2.2161722303590285
548 0.8135211890939369 -1.7410412997781228
549 0.8489167123042262 -0.8374765088208658
550 0.8935386229765633 0.2713279925679
551 0.9353909492848644 1.3130319033491415
552 0.9631396193661605 2.0329074470079442
553 0.9688877355907471 2.25600026445966
554 0.9501093119402916 1.9295235490781544
555 0.9102680280055266 1.135213686928724
556 0.8579695069074987 0.06876138340432925
557 0.8048546689342467 -1.0085094762777322
558 0.7627499412555038 -1.8337844292224048
559 0.7407720516275937 -2.206978725714204
560 0.7430962534233404 -2.0393428427073244
561 0.7679343981950675 -1.374646559129682
562 0.8079730591074438 -0.3778884875813637
563 0.8521644372027039 0.7055639953649857
564 0.888431574043314 1.610287095582653
565 0.9066255401883478 2.115740344438215
566 0.9010105764878024 2.0999452279766464
567 0.8716687387925854 1.5688379287944225
568 0.8244801399255804 0.6542348505393358
569 0.7696836262277349 -0.4189487660998991
570 0.7193702851185959 -1.388076773197955
571 0.6845234602976309 -2.017132109633908
572 0.6723299819588315 -2.1542570711219615
573 0.6844209164974903 -1.7684660281621363
574 0.7164725613989128 -0.9566565264834622
575 0.7592653755388326 0.08065688280752845
576 0.800941581690074 1.0888120482094585
577 0.8299087012696702 1.8214677919829168
578 0.8376781346214884 2.1007481188837405
579 0.8209438032487467 1.8603779041120019
580 0.7823919297503653 1.1613503795898055
581 0.7300436929595132 0.1764272707761253
582 0.6752916991022526 -0.8525948435396652
583 0.6301110091885489 -1.6742826816479632
584 0.6041275602719993 -2.089037778313239
585 0.6022617331705914 -1.9976126284043283
586 0.623524003329743 -1.4248793722964745
587 0.6612575413769285 -0.5131615716130747
588 0.7047683661702127 0.513096585649487
589 0.7419439319016272 1.4025546404245364
590 0.762219027688625 1.938506142712717
591 0.7591628338786371 1.9916516745038286
592 0.7320537333428859 1.5512634932948701
593 0.686056308919441 0.7272321074422186
594 0.6309571917486104 -0.27736434159285295
595 0.5787692688091628 -1.216323278772011
596 0.5407908231009431 -1.860672424177294
597 0.5248396314196009 -2.0545206029224357
598 0.5333392089508995 -1.7527817654284892
599 0.5627257546531761 -1.0316447046694686
600 0.604320997784765 -0.06936444861783689
601 0.6464572422100925 0.8977858300530868
602 0.6773343234323089 1.6335186726919344
603 0.6879089955408579 1.959252377058652
604 0.6741093252905408 1.7974474720394251
605 0.6378319323264381 1.1900439515467407
606 0.5864779162846934 0.2876191130207189
607 0.5311410919194771 -0.6879390099969451
608 0.4838921154065126 -1.4979911857122845
609 0.4548234423479096 -1.9455242508498642
610 0.44957861474637073 -1.9230655735441438
611 0.4679707935960945 -1.4384822595381026
612 0.5040287684245086 -0.6124743924090079
613 0.5474591789789558 0.3514817654580073
614 0.5861669461298136 1.2172579373652344
615 0.6092168225415906 1.7739182521622923
616 0.609510972162323 1.887113730620434
617 0.5855270136333193 1.5315048509308304
618 0.5416909939236475 0.7963892487660515
619 0.48729397518581746 -0.13670223255770905
620 0.4342174921084144 -1.038823497759824
621 0.3940247670884789 -1.689780893941382
622 0.3751298551547084 -1.9318710175242495
623 0.3807378106542437 -1.7080741920880742
624 0.4080601947003327 -1.0754548398516712
625 0.448997994483402 -0.19062500617533373
626 0.4921247519486852 0.7290315456377415
627 0.5254843627467831 1.4587752312723294
628 0.5395185466706263 1.8214412424268132
629 0.5294072426925076 1.730458788170024
630 0.4962489182502233 1.2105137280189415
631 0.446791811885063 0.39092612111062813
632 0.3917819103902873 -0.5264942850301594
633 0.3433321332660712 -1.317126425823309
634 0.31195683986727485 -1.7885214797028093
635 0.3039977153098715 -1.827232558904719
636 0.32007126803429564 -1.426095638979012
637 0.3549180457627541 -0.6854035705592022
638 0.39869048704036686 0.21217224790655842
639 0.43936409738720283 1.0466443892699493
640 0.465681610048461 1.6146404168623965
641 0.46990929811415466 1.7789809525070708
642 0.44973059667804105 1.5018188801184178
643 0.4088134102974491 0.8533355022820849
644 0.3559122091129578 -0.0059958963309534145
645 0.30272475182606295 -0.8651010512639054
646 0.2610281845140871 -1.5141342448145267
647 0.2397956981912835 -1.7957196778577027
648 0.24299968792402654 -1.6430923650644824
649 0.26863927678689 -1.0958958755038708
650 0.3092303007340403 -0.2899034220763558
651 0.35363778902504406 0.5766808165754871
652 0.3898022851131068 1.291977713174467
653 0.40769250958654724 1.6822533653701988
654 0.40176145032744565 1.6541295514868344
655 0.372304543388902 1.2169296008279875
656 0.3253874145769842 0.47981504755366317
657 0.2713608731528432 -0.37544372554188515
658 0.2223267390243066 -1.139273061594939
659 0.1891749573505017 -1.6256339613451913
660 0.17891741827767338 -1.7173164554200195
661 0.19297125576171115 -1.394163084431654
662 0.2268119338395859 -0.7374273579798519
663 0.27108105697272195 0.09065868461259685
664 0.31387767389850857 0.886973327193092
665 0.34367208394081256 1.4573449941458299
666 0.352128744419031 1.6639139265174385
667 0.3361471330176429 1.45846357396646
668 0.29862089087974514 0.893664203510089
669 0.2477293817693868 0.10961336265285505
670 0.19493511837864164 -0.7008933532392225
671 0.15217735571373064 -1.3397534036784264
672 0.1289489578291062 -1.6519612531763566
673 0.1299722229346605 -1.5631983052146512
674 0.15404270600288222 -1.097493841046875
675 0.19432411148021694 -0.37076390296460254
676 0.2400220561382514 0.4380484742262131
677 0.2790269066010017 1.131048408405761
678 0.3008786328068361 1.539824004750164
679 0.29932777793263937 1.5663864363769446
680 0.2738655300843371 1.2066634505204357
681 0.22984828089980847 0.5509160911098803
682 0.17718617483349228 -0.23888131436687665
683 0.12791673805609144 -0.9690321891290713
684 0.09325764729756642 -1.4616067735678058
685 0.08086022366944087 -1.5977862374623262
686 0.09293609202725121 -1.3465033821401577
687 0.12571566505726495 -0.7714779393415695
688 0.17037103413027513 -0.015063791851552457
689 0.21517731111587712 0.7370019774621355
690 0.24838324936313785 1.3012201594683124
691 0.2610883157767301 1.5411151989598895
692 0.24942180646448558 1.4002551355132389
693 0.21549048250811723 0.9155177436874681
694 0.1668627116320341 0.20748960745497996
695 0.1147154159423894 -0.549511195325418
696 0.07109751761866978 -1.1703382712711403
697 0.04597988655442008 -1.504286908318735
698 0.044814065712380474 -1.4716619809698872
699 0.06719748343037102 -1.0827714286321983
700 0.10697195531839605 -0.4348220299759655
701 0.15373135910751365 0.31238038085224207
702 0.19536935112549875 0.9758543608624994
703 0.22104335461103647 1.3942649173390542
704 0.2238291322137591 1.4671648333334137
705 0.20241601080961596 1.1791110526264519
706 0.16142770853226873 0.6028682792943938
707 0.11029021443208409 -0.11894319377800076
708 0.06092390336389842 -0.809130740206693
709 0.0248249369264653 -1.2994158438687382
710 0.010250525349919312 -1.4714513903992348
711 0.020197196444701873 -1.28537218634939
712 0.051667061939093484 -0.7889925934144799
713 0.09640172485070914 -0.10553715802533974
714 0.14290414182581973 0.5969540141012727
715 0.1792534180846203 1.146950462730012
716 0.19602337505349102 1.4113244705237389
717 0.18859032359166747 1.3275805128657459
718 0.15826501949174204 0.9186194973269105
719 0.11197165912017262 0.2865544309055531
720 0.06055250831073357 -0.4127669782927524
721 0.016113250535520637 -1.0081783469065673
722 -0.010940994245681346 -1.3550802562734046
723 -0.01445329405143149 -1.3705457923908135
724 0.005977574708066077 -1.053123748397877
725 0.04489880449074928 -0.4826134400431634
726 0.09233850443728156 0.19999160941454328
727 0.13624707700247662 0.827353644471649
728 0.1654472893023855 1.2468210672467637
729 0.1723707588673133 1.3575788160615145
730 0.15491086669269963 1.1348778823013754
731 0.116938439892127 0.6355227749429627
732 0.0673539468948296 -0.01658655406476152
733 0.017908260899249913 -0.6611837367025304
734 -0.01967445526804694 -1.1410159650578362
735 -0.03656732472030609 -1.3401987582395718
736 -0.029001975453998678 -1.2121907302365105
737 0.0008087391414276571 -0.7906365526527571
738 0.04521243240505661 -0.18055852244029377
739 0.09299066406869333 0.4678068439329737
740 0.13210551433614404 0.9960112315476821
741 0.1526467952860852 1.2761227935563761
742 0.1492583194918825 1.2417142480928607
743 0.12244919071266497 0.9036056347267769
744 0.0784690669922807 0.3466349049063767
745 0.02777793613966815 -0.2916109057657748
746 -0.017514944049546642 -0.85477475648198
747 -0.04661590404828054 -1.206027936132868
748 -0.05268961859885441 -1.2613068012731266
749 -0.034532721594707994 -1.009414966696921
750 0.0031314794750326447 -0.5141866333638553
751 0.050809345917456034 0.10167710658153889
752 0.09656119414179135 0.687010601395395
753 0.12892445955247586 1.0992927157555998
754 0.13972004558175052 1.2393529520439432
755 0.12605476576527297 1.0752233840683207
756 0.09102961122374159 0.6494015220584237
757 0.04298043498926321 0.06788399416668547
758 -0.006563039845427575 -0.5262065553300066
759 -0.04570018214937551 -0.9878411136993606
760 -0.0650732253725059 -1.2054838561807089
761 -0.06015845758603878 -1.1280311537561387
762 -0.03237386569817412 -0.7767847300557315
763 0.011267956104763662 -0.23965943509087653
764 0.059876653587511104 0.35081500060832915
765 0.10135037130046154 0.8501963352823526
766 0.12533862988114924 1.1374673266150015
767 0.1257764061377822 1.1443631376733479
768 0.10236898474307535 0.8715821675897218
769 0.060664038068881765 0.38803443027250883
770 0.010693286514727392 -0.18654633618281707
771 -0.035483691734579194 -0.7112432538405782
772 -0.06673214047909348 -1.0585128172271072
773 -0.07556837580702504 -1.1451831911750476
774 -0.059992125767667825 -0.9523608468006898
775 -0.023976338749606904 -0.5294835189568645
776 0.023505461616201886 0.018332570934780038
777 0.07067613759274279 0.5564190470631466
778 0.1058383218103769 0.9536630921431932
779 0.1202382720018024 1.1144572735926737
780 0.11020902448349337 1.0017060627811851
781 0.07806812767023448 0.645354555118695
782 0.03155015915228634 0.13448679467542543
783 -0.018087034050716357 -0.4049321162914043
784 -0.058818713623669895 -0.8411111702855111
785 -0.0807973889765303 -1.06862996650346
786 -0.0787638892373211 -1.0339110180449602
787 -0.05333505370363707 -0.7478141676479898
788 -0.01085276921976816 -0.28239766146277856
789 0.038168684605606656 0.24721909977131917
790 0.08161683829943252 0.7113293390609501
791 0.10874652889291232 0.9974071949317974
792 0.11281063282132069 1.0373897143550332
793 0.09271194018962178 0.8238586445706498
794 0.05327173397067901 0.4112782644942632
795 0.004049316579083884 -0.09787219120771239
796 -0.04299849511679356 -0.5785457949305364
797 -0.0764448690984337 -0.9138371470968787
798 -0.08819069789008294 -1.0234120052268962
799 -0.07544759439310844 -0.8827439815719927
800 -0.0414206373260113 -0.5285542445410449
801 0.005476293621035696 -0.04926077832785325
802 0.053680479592368255 0.43708730956086767
803 0.09131127083517927 0.8118856696207027
804 0.10907883634958723 0.9848995513129628
805 0.10255859155466746 0.915983617849529
806 0.07327444474889286 0.6243702417943163
807 0.028325645846226807 0.18338456172406312
808 -0.021351402174543045 -0.2979786898525761
809 -0.06366079993471171 -0.7019907269914312
810 -0.08830869270302516 -0.9309806918763457
811 -0.08932360729627914 -0.930942662195628
812 -0.06651851846676082 -0.7042528393352285
813 -0.025536679940411006 -0.308507031484379
814 0.023530000923814513 0.15809475908027837
815 0.06861177477694166 0.5811124496351673
816 0.09861610735522851 0.8579348352410984
817 0.10614348094696452 0.9226688821604644
818 0.08929901732726715 0.7618127610947321
819 0.052156373676169175 0.41698791036740884
820 0.003760333572493803 -0.02579832370128233
821 -0.04408770643384934 -0.45759666864546616
822 -0.0797191645582049 -0.773321694351304
823 -0.0944551831520791 -0.8973242613915628
824 -0.08473154866459884 -0.8015078473626857
825 -0.052971367687034324 -0.5116524543738951
826 -0.006991837557361727 -0.10053369204832015
827 0.041909645221159086 0.33033894712140227
828 0.0817214513305327 0.6757848761229849
829 0.10265855472017063 0.8526286735719909
830 0.09955821917396966 0.819721885671739
831 0.0731439877296775 0.5874921769148024
832 0.029848506248950246 0.2148105075465382
833 -0.019761439901187203 -0.2059146903539166
834 -0.06357207011492923 -0.5716463742285821
835 -0.09088851062465958 -0.7939523546588138
836 -0.09505329812901742 -0.8203837613364713
837 -0.07507638396900763 -0.6468311122127102
838 -0.03587755699005877 -0.3179515932014226
839 0.012918068472810093 0.08429533872702798
840 0.05933659292808763 0.46106719670521906
841 0.09198693710982567 0.7209268523317359
842 0.10284975315928999 0.8020318081376905
843 0.08924081887376716 0.686840056936263
844 0.054468207626192366 0.40583860786547865
845 0.007022335831249062 0.02952047325184549
846 -0.04150280742205876 -0.34928877326199503
847 -0.07924829309409998 -0.6383263583622744
848 -0.0969937509913252 -0.7683627710252939
849 -0.09041485687573217 -0.7097748293020045
850 -0.06114209631825616 -0.4792559239177217
851 -0.016361582987219223 -0.13515337046621922
852 0.03294433501516237 0.23728464312817737
853 0.07468591983038964 0.5470259689408694
854 0.09862601657366121 0.7195050856004412
855 0.0988864495513984 0.7145687618843227
856 0.07538718875084494 0.5357991133441841
857 0.03386592844467716 0.22905578342750374
858 -0.015526715622260889 -0.12926362753428933
859 -0.060712445748772124 -0.4512453881488777
860 -0.09064248519393595 -0.6590288902206852
861 -0.09800271809191922 -0.7036314307261949
862 -0.08100445377610364 -0.576477880271187
863 -0.043822373958144256 -0.31092573271649565
864 0.004427561974249916 0.026447206413347114
865 0.05192000910383019 0.35252592304285213
866 0.08701548153019675 0.5881338262025188
867 0.1011100924690156 0.6772568670906963
868 0.09074207413279706 0.6003488469632922
869 0.05843932785224352 0.3785604199405533
870 0.012100494602478945 0.06799265582049563
871 -0.03693891855128895 -0.25447883767940505
872 -0.07668187640282918 -0.5102306635516795
873 -0.09740711843180992 -0.6380606718897616
874 -0.09404927234080686 -0.6088257966083677
875 -0.06743904350535461 -0.432049695220114
876 -0.024099838712636063 -0.15301158549095528
877 0.025349382203433923 0.15882909981822244
878 0.0687939892026026 0.4271183665718625
879 0.09558975735493234 0.5873030440302979
880 0.09916893594498982 0.6021583092417477
881 0.07864825475140846 0.4704135749955901
882 0.039045171477880704 0.2264843142117414
883 -0.009950584582853434 -0.06848269736017734
884 -0.05634940370239506 -0.3419288513068609
885 -0.08879727759831785 -0.5277317977229521
886 -0.09935566370606645 -0.5821919485391361
887 -0.08544512412127098 -0.49429293158971077
888 -0.05047686861759594 -0.2878312944802944
889 -0.0030175779884056182 -0.015032973252443432
890 0.04530801190919545 0.2566441151022203
891 0.08266324482728413 0.461189622749847
892 0.09989756448203861 0.5500786979385779
893 0.09278688413125066 0.5037719331410202
894 0.06306778476179431 0.3359549371437571
895 0.0180123340974815 0.08961281350500952
896 -0.03135237444138011 -0.1739586170768541
897 -0.07294404387246112 -0.3904006824152631
898 -0.09658334626590614 -0.5080067176292659
899 -0.0964861820169616 -0.5000667497143723
900 -0.07267983379014807 -0.37089669950470455
901 -0.030996291263199194 -0.1542008888364439
902 0.018355618989971095 0.09568903052877019
903 0.06328970607022168 0.3174290706024816
904 0.09280153171692361 0.4577218358511704
905 0.09966267662541634 0.4841226962343127
906 0.0821905057543882 0.39251727439127554
907 0.04466013234983055 0.20755361244218826
908 -0.00374228247855193 -0.023935967815554435
909 -0.05116862586305895 -0.244779700263831
910 -0.08600966780235057 -0.40158516986469645
911 -0.09973740882134244 -0.45764563200330705
912 -0.08899303483217468 -0.40151458266199364
913 -0.056409275029264336 -0.24925022508624345
914 -0.009965820927877326 -0.0399169360151104
915 0.03896437755106524 0.17441606747505473
916 0.07839960409095593 0.3416231897960331
917 0.09868291532497218 0.42219882052280394
918 0.09484649477190205 0.39857899089089915
919 0.06782794505655698 0.2789119188578504
920 0.024240727657050938 0.0944839775049846
921 -0.025245045467422452 -0.1084269254828392
922 -0.06851502968929628 -0.2801568375546546
923 -0.09497666397632265 -0.379811351209854
924 -0.09815260138371668 -0.3849961311069487
925 -0.07726659154341904 -0.29680901265291626
926 -0.03743353580965907 -0.13899160100007027
927 0.011592817065136773 0.048410002054493764
928 0.057807926947883 0.2191943625640097
929 0.08989559063438374 0.3323945596897378
930 0.09999854133310519 0.362100953194289
931 0.08564217993963415 0.3033626869591481
932 0.050340441591535494 0.17283127128979067
933 0.0027354602388681283 0.004127875949753922
934 -0.04551832865298593 -0.16079532964702112
935 -0.08260760181701636 -0.28208508996648973
936 -0.09945246312304591 -0.331615803137066
937 -0.0919295201726057 -0.2994911525274223
938 -0.061881435868841046 -0.19592094212523684
939 -0.01666578152929961 -0.04814733213321243
940 0.03264635196464711 0.10668641346937505
941 0.07398094216407061 0.23086571603621991
942 0.0972171757165101 0.295291012682296
943 0.09666537536284699 0.2862831270077027
944 0.07246003031616295 0.2084196435326328
945 0.03052686760093507 0.08283338524276747
946 -0.018867973564072466 -0.0584682209154268
947 -0.06363145163003651 -0.1807480440834108
948 -0.09280442195410121 -0.25507876080699193
949 -0.09924481849386815 -0.26517772383270233
950 -0.08137628150340151 -0.2109243827052966
951 -0.043574106186306014 -0.10781393058173849
952 0.00490598138379382 0.017378063834975047
953 0.05219394805946011 0.13352598631593732
954 0.08671165099222103 0.21289093392319638
955 0.1000075701069486 0.2377412402919472
956 0.0888260343024427 0.20427768244877534
957 0.055904322636646124 0.12300422320501672
958 0.009302482325616581 0.015590488867407677
959 -0.039570052517310966 -0.0908673187302438
960 -0.0787478888462467 -0.17067578468376668
961 -0.09863922076216462 -0.2057440436109664
962 -0.0943742386560411 -0.1896582752137181
963 -0.06699742895457425 -0.1287202165098267
964 -0.023211847908534824 -0.03982563348858539
965 0.026262019880188305 0.05415615161949259
966 0.06931100952279327 0.13025197349721573
967 0.09539500063096959 0.17100043766023468
968 0.09812750596565312 0.16844074497349226
969 0.0768393058441371 0.12556822792693176
970 0.036742296068437486 0.05502106966264224
971 -0.01234656631291344 -0.02453827282980726
972 -0.05840879682873127 -0.09333261845812114
973 -0.09016692808897668 -0.13538523119473816
974 -0.0998456274496403 -0.14221932464018736
975 -0.08507536993750141 -0.1144880778194013
976 -0.04947258091034335 -0.061245126245448075
977 -0.001754209296685372 0.00282640753499959
978 0.0463964852332711 0.06141219617663053
979 0.0831904014312225 0.10071463149468521
980 0.09961897935485799 0.11269722519654307
981 0.09165980977591705 0.09666388692199868
982 0.06126146000541052 0.05888149510170122
983 0.015866396426613045 0.010472302794702966
984 -0.03341119106195452 -0.03576745886985213
985 -0.07450653056695143 -0.06873165961163573
986 -0.09735814533706239 -0.08167080235391151
987 -0.09637125437342232 -0.07352103594063288
988 -0.07178757013040453 -0.04864946352354903
989 -0.029626119056558715 -0.015204233012281729
990 0.01979042582847283 0.017384461756034666
991 0.0643630951396585 0.04101721852094168
992 0.09317887263985047 0.05093795992527228
993 0.09918258206745109 0.04664619748521209
994 0.08090424019749469 0.031547416990251376
995 0.04281895986300259 0.01154278237069462
996 -0.005748713875309462 -0.00695540144364956
997 -0.05290777769293185 -0.01896443891896798
998 -0.08711210245142575 -0.022262260753277113
999 -0.09998732841446817 -0.01775563174771684
1000 -0.08838120068997572 -0.008838449435079476
